{
 "cells": [
  {
   "cell_type": "markdown",
   "metadata": {},
   "source": [
    "Since the MAGs were selected from all treatments, they were not classified into specific groups. Therefore, to assess the effect of treatments on MAG abundances, clustering was performed based on co-abundance patterns."
   ]
  },
  {
   "cell_type": "code",
   "execution_count": 6,
   "metadata": {},
   "outputs": [],
   "source": [
    "import pandas as pd\n",
    "from scipy.stats import kruskal\n",
    "from statsmodels.stats.multitest import multipletests"
   ]
  },
  {
   "cell_type": "code",
   "execution_count": 7,
   "metadata": {},
   "outputs": [
    {
     "name": "stdout",
     "output_type": "stream",
     "text": [
      "   mag              bin_code        tax_code treatment sample  \\\n",
      "0  C_1           C_27077.fna     UBA5704 (a)         C     C1   \n",
      "1  C_2  C_maxbin_C.028.fasta          HGW-15         C     C1   \n",
      "2  C_3    C_metabat_C.121.fa     ZC4RG35 (a)         C     C1   \n",
      "3  C_4    C_metabat_C.124.fa  Micropepsaceae         C     C1   \n",
      "4  C_5    C_metabat_C.125.fa        SZUA-232         C     C1   \n",
      "\n",
      "   relative_abundance  \n",
      "0            0.023611  \n",
      "1            0.017551  \n",
      "2            0.030736  \n",
      "3            0.013161  \n",
      "4            0.051670  \n"
     ]
    }
   ],
   "source": [
    "#Import dataset\n",
    "relat_abund=pd.read_csv('relative_abundances.tsv', sep=\"\\t\")\n",
    "print(relat_abund.head())"
   ]
  },
  {
   "cell_type": "markdown",
   "metadata": {},
   "source": [
    "First, a Kruskal-Wallis analysis was conducted using the relative abundances of the mappings of unassembled reads onto the MAGs to identify significant differences between treatments. To control for multiple comparisons, p-values were adjusted using the Bonferroni correction."
   ]
  },
  {
   "cell_type": "code",
   "execution_count": null,
   "metadata": {},
   "outputs": [
    {
     "name": "stdout",
     "output_type": "stream",
     "text": [
      "     mag   p-value  corrected p-value\n",
      "0    C_1  0.012620           0.020695\n",
      "1    C_2  0.032386           0.039014\n",
      "2    C_3  0.022307           0.028960\n",
      "3    C_4  0.008254           0.020361\n",
      "4    C_5  0.032687           0.039014\n",
      "..   ...       ...                ...\n",
      "69   P_9  0.042272           0.048125\n",
      "70  P_10  0.011032           0.020695\n",
      "71  P_11  0.006928           0.020361\n",
      "72  PW_1  0.023161           0.029550\n",
      "73  PW_2  0.036847           0.042604\n",
      "\n",
      "[66 rows x 3 columns]\n"
     ]
    }
   ],
   "source": [
    "# Store results\n",
    "p_values = []\n",
    "mags = []\n",
    "\n",
    "# Loop over each mag and perform the Kruskal-Wallis test\n",
    "for mag in relat_abund['mag'].unique():\n",
    "    # Subset data for the current mag\n",
    "    mag_data = relat_abund[relat_abund['mag'] == mag]\n",
    "    \n",
    "    # Group data by treatment\n",
    "    groups = [mag_data[mag_data['treatment'] == treatment]['relative_abundance'] for treatment in mag_data['treatment'].unique()]\n",
    "    \n",
    "    # Perform Kruskal-Wallis test\n",
    "    stat, p_value = kruskal(*groups)\n",
    "    p_values.append(p_value)\n",
    "    mags.append(mag)\n",
    "\n",
    "# Adjust p-values for multiple testing using Benjamini-Hochberg\n",
    "_, corrected_p_values, _, _ = multipletests(p_values, method='fdr_bh')\n",
    "\n",
    "# Create a DataFrame with the results\n",
    "results_df = pd.DataFrame({'mag': mags, 'p-value': p_values, 'corrected p-value': corrected_p_values})\n",
    "significant_mags = results_df[results_df['corrected p-value'] < 0.05]\n",
    "\n",
    "# Display significant MAGs\n",
    "print(significant_mags)"
   ]
  },
  {
   "cell_type": "markdown",
   "metadata": {},
   "source": [
    "Then, Dunn's test was used to determine specifically between which treatments these differences were found."
   ]
  },
  {
   "cell_type": "code",
   "execution_count": 1,
   "metadata": {},
   "outputs": [],
   "source": [
    "import scikit_posthocs as sp"
   ]
  },
  {
   "cell_type": "code",
   "execution_count": null,
   "metadata": {},
   "outputs": [
    {
     "name": "stdout",
     "output_type": "stream",
     "text": [
      "Dunn's test results for C_1:\n",
      "            C        CW         L        LW         P        PW\n",
      "C   1.000000  0.813954  0.161284  0.196506  0.342749  0.810225\n",
      "CW  0.813954  1.000000  0.196506  0.243722  0.243722  0.939044\n",
      "L   0.161284  0.196506  1.000000  0.810225  0.015120  0.196506\n",
      "LW  0.196506  0.243722  0.810225  1.000000  0.027462  0.253003\n",
      "P   0.342749  0.243722  0.015120  0.027462  1.000000  0.243722\n",
      "PW  0.810225  0.939044  0.196506  0.253003  0.243722  1.000000\n",
      "Dunn's test results for C_2:\n",
      "            C        CW         L        LW         P        PW\n",
      "C   1.000000  0.939044  0.072005  0.939044  0.168434  0.877743\n",
      "CW  0.939044  1.000000  0.072005  0.939044  0.166144  0.877743\n",
      "L   0.072005  0.072005  1.000000  0.072005  0.818829  0.146053\n",
      "LW  0.939044  0.939044  0.072005  1.000000  0.166144  0.877743\n",
      "P   0.168434  0.166144  0.818829  0.166144  1.000000  0.316254\n",
      "PW  0.877743  0.877743  0.146053  0.877743  0.316254  1.000000\n",
      "Dunn's test results for C_3:\n",
      "            C        CW         L        LW         P        PW\n",
      "C   1.000000  0.167706  0.533595  0.088789  0.692523  0.196506\n",
      "CW  0.167706  1.000000  0.538193  0.683585  0.088789  0.878443\n",
      "L   0.533595  0.538193  1.000000  0.274187  0.274187  0.606053\n",
      "LW  0.088789  0.683585  0.274187  1.000000  0.054924  0.614121\n",
      "P   0.692523  0.088789  0.274187  0.054924  1.000000  0.099661\n",
      "PW  0.196506  0.878443  0.606053  0.614121  0.099661  1.000000\n",
      "Dunn's test results for C_4:\n",
      "            C        CW         L        LW         P        PW\n",
      "C   1.000000  0.418915  0.232058  0.081680  0.512814  0.939044\n",
      "CW  0.418915  1.000000  0.044290  0.008686  0.167706  0.426519\n",
      "L   0.232058  0.044290  1.000000  0.526390  0.500301  0.231237\n",
      "LW  0.081680  0.008686  0.526390  1.000000  0.236542  0.081680\n",
      "P   0.512814  0.167706  0.500301  0.236542  1.000000  0.500301\n",
      "PW  0.939044  0.426519  0.231237  0.081680  0.500301  1.000000\n",
      "Dunn's test results for C_5:\n",
      "            C        CW         L        LW         P        PW\n",
      "C   1.000000  0.418915  0.199372  0.011491  0.270334  0.199372\n",
      "CW  0.418915  1.000000  0.600361  0.199322  0.810225  0.669951\n",
      "L   0.199372  0.600361  1.000000  0.316254  0.807944  0.878443\n",
      "LW  0.011491  0.199322  0.316254  1.000000  0.199372  0.270334\n",
      "P   0.270334  0.810225  0.807944  0.199372  1.000000  0.813954\n",
      "PW  0.199372  0.669951  0.878443  0.270334  0.813954  1.000000\n",
      "Dunn's test results for C_6:\n",
      "            C        CW         L        LW         P        PW\n",
      "C   1.000000  0.096770  0.666658  0.096770  0.939044  0.096770\n",
      "CW  0.096770  1.000000  0.142409  0.876566  0.096770  0.876566\n",
      "L   0.666658  0.142409  1.000000  0.236542  0.737300  0.243722\n",
      "LW  0.096770  0.876566  0.236542  1.000000  0.096770  0.939044\n",
      "P   0.939044  0.096770  0.737300  0.096770  1.000000  0.097369\n",
      "PW  0.096770  0.876566  0.243722  0.939044  0.097369  1.000000\n",
      "Dunn's test results for C_7:\n",
      "            C        CW         L        LW         P        PW\n",
      "C   1.000000  0.634757  0.069909  0.199372  0.322655  0.939044\n",
      "CW  0.634757  1.000000  0.194737  0.322655  0.606053  0.634757\n",
      "L   0.069909  0.194737  1.000000  0.606053  0.322655  0.069909\n",
      "LW  0.199372  0.322655  0.606053  1.000000  0.634757  0.199372\n",
      "P   0.322655  0.606053  0.322655  0.634757  1.000000  0.322655\n",
      "PW  0.939044  0.634757  0.069909  0.199372  0.322655  1.000000\n",
      "Dunn's test results for C_9:\n",
      "            C        CW         L        LW         P        PW\n",
      "C   1.000000  0.322655  0.274187  0.274187  0.818546  0.448494\n",
      "CW  0.322655  1.000000  0.044290  0.042899  0.274187  0.810225\n",
      "L   0.274187  0.044290  1.000000  0.818546  0.331683  0.066592\n",
      "LW  0.274187  0.042899  0.818546  1.000000  0.274187  0.046606\n",
      "P   0.818546  0.274187  0.331683  0.274187  1.000000  0.342749\n",
      "PW  0.448494  0.810225  0.066592  0.046606  0.342749  1.000000\n",
      "Dunn's test results for C_10:\n",
      "            C        CW         L        LW         P        PW\n",
      "C   1.000000  0.166144  0.270334  0.500301  0.480236  0.579307\n",
      "CW  0.166144  1.000000  0.008686  0.044290  0.489266  0.322655\n",
      "L   0.270334  0.008686  1.000000  0.566881  0.058084  0.120963\n",
      "LW  0.500301  0.044290  0.566881  1.000000  0.166144  0.274187\n",
      "P   0.480236  0.489266  0.058084  0.166144  1.000000  0.702195\n",
      "PW  0.579307  0.322655  0.120963  0.274187  0.702195  1.000000\n",
      "Dunn's test results for C_11:\n",
      "            C        CW         L        LW         P        PW\n",
      "C   1.000000  0.044290  0.877013  0.097369  0.489266  0.097369\n",
      "CW  0.044290  1.000000  0.042899  0.566881  0.142409  0.566881\n",
      "L   0.877013  0.042899  1.000000  0.081680  0.377024  0.081680\n",
      "LW  0.097369  0.566881  0.081680  1.000000  0.377024  1.000000\n",
      "P   0.489266  0.142409  0.377024  0.377024  1.000000  0.377024\n",
      "PW  0.097369  0.566881  0.081680  1.000000  0.377024  1.000000\n",
      "Dunn's test results for C_12:\n",
      "            C        CW         L        LW         P        PW\n",
      "C   1.000000  0.016314  0.368257  0.096361  0.938918  0.096361\n",
      "CW  0.016314  1.000000  0.096361  0.368257  0.016314  0.368257\n",
      "L   0.368257  0.096361  1.000000  0.368257  0.368257  0.368257\n",
      "LW  0.096361  0.368257  0.368257  1.000000  0.099276  0.938918\n",
      "P   0.938918  0.016314  0.368257  0.099276  1.000000  0.096361\n",
      "PW  0.096361  0.368257  0.368257  0.938918  0.096361  1.000000\n",
      "Dunn's test results for C_13:\n",
      "            C        CW         L        LW         P        PW\n",
      "C   1.000000  0.810225  0.316254  0.196506  0.813954  0.322655\n",
      "CW  0.810225  1.000000  0.196506  0.146053  0.939044  0.489266\n",
      "L   0.316254  0.196506  1.000000  0.810225  0.198203  0.055794\n",
      "LW  0.196506  0.146053  0.810225  1.000000  0.146053  0.033325\n",
      "P   0.813954  0.939044  0.198203  0.146053  1.000000  0.480236\n",
      "PW  0.322655  0.489266  0.055794  0.033325  0.480236  1.000000\n",
      "Dunn's test results for C_14:\n",
      "            C        CW         L        LW         P        PW\n",
      "C   1.000000  0.199372  0.274187  0.387745  0.818546  0.377024\n",
      "CW  0.199372  1.000000  0.015120  0.027462  0.232058  0.566881\n",
      "L   0.274187  0.015120  1.000000  0.752351  0.231237  0.046606\n",
      "LW  0.387745  0.027462  0.752351  1.000000  0.322655  0.099661\n",
      "P   0.818546  0.232058  0.231237  0.322655  1.000000  0.448494\n",
      "PW  0.377024  0.566881  0.046606  0.099661  0.448494  1.000000\n",
      "Dunn's test results for C_15:\n",
      "            C        CW         L        LW         P        PW\n",
      "C   1.000000  0.166144  0.236542  0.011491  0.579307  0.058084\n",
      "CW  0.166144  1.000000  0.759690  0.236542  0.368536  0.566881\n",
      "L   0.236542  0.759690  1.000000  0.166144  0.489266  0.480236\n",
      "LW  0.011491  0.236542  0.166144  1.000000  0.044290  0.500301\n",
      "P   0.579307  0.368536  0.489266  0.044290  1.000000  0.166144\n",
      "PW  0.058084  0.566881  0.480236  0.500301  0.166144  1.000000\n",
      "Dunn's test results for C_16:\n",
      "            C        CW         L        LW         P        PW\n",
      "C   1.000000  0.414603  0.167706  0.313357  0.489266  0.939044\n",
      "CW  0.414603  1.000000  0.555549  0.813954  0.161284  0.418915\n",
      "L   0.167706  0.555549  1.000000  0.745794  0.054924  0.167706\n",
      "LW  0.313357  0.813954  0.745794  1.000000  0.108008  0.313357\n",
      "P   0.489266  0.161284  0.054924  0.108008  1.000000  0.480236\n",
      "PW  0.939044  0.418915  0.167706  0.313357  0.480236  1.000000\n",
      "Dunn's test results for CW_1:\n",
      "            C        CW         L        LW         P        PW\n",
      "C   1.000000  0.166144  0.270334  0.500301  0.702195  0.322655\n",
      "CW  0.166144  1.000000  0.011491  0.037196  0.274187  0.634757\n",
      "L   0.270334  0.011491  1.000000  0.566881  0.166144  0.034970\n",
      "LW  0.500301  0.037196  0.566881  1.000000  0.331683  0.120963\n",
      "P   0.702195  0.274187  0.166144  0.331683  1.000000  0.489266\n",
      "PW  0.322655  0.634757  0.034970  0.120963  0.489266  1.000000\n",
      "Dunn's test results for CW_2:\n",
      "            C        CW         L        LW         P        PW\n",
      "C   1.000000  0.120963  0.426519  0.939044  0.500301  0.166144\n",
      "CW  0.120963  1.000000  0.015120  0.120963  0.316254  0.752351\n",
      "L   0.426519  0.015120  1.000000  0.418915  0.166144  0.027462\n",
      "LW  0.939044  0.120963  0.418915  1.000000  0.512814  0.168434\n",
      "P   0.500301  0.316254  0.166144  0.512814  1.000000  0.436578\n",
      "PW  0.166144  0.752351  0.027462  0.168434  0.436578  1.000000\n",
      "Dunn's test results for CW_3:\n",
      "            C        CW         L        LW         P        PW\n",
      "C   1.000000  0.140346  0.316254  0.526390  0.702195  0.322655\n",
      "CW  0.140346  1.000000  0.011491  0.037196  0.232058  0.526390\n",
      "L   0.316254  0.011491  1.000000  0.526390  0.196506  0.037196\n",
      "LW  0.526390  0.037196  0.526390  1.000000  0.426519  0.140346\n",
      "P   0.702195  0.232058  0.196506  0.426519  1.000000  0.489266\n",
      "PW  0.322655  0.526390  0.037196  0.140346  0.489266  1.000000\n",
      "Dunn's test results for CW_4:\n",
      "            C        CW         L        LW         P        PW\n",
      "C   1.000000  0.116842  0.322655  0.015120  0.592440  0.037196\n",
      "CW  0.116842  1.000000  0.555549  0.331683  0.270334  0.579307\n",
      "L   0.322655  0.555549  1.000000  0.116955  0.555549  0.316254\n",
      "LW  0.015120  0.331683  0.116955  1.000000  0.037196  0.579307\n",
      "P   0.592440  0.270334  0.555549  0.037196  1.000000  0.116842\n",
      "PW  0.037196  0.579307  0.316254  0.579307  0.116842  1.000000\n",
      "Dunn's test results for CW_5:\n",
      "            C        CW         L        LW         P        PW\n",
      "C   1.000000  0.196506  0.236542  0.436578  0.818546  0.377024\n",
      "CW  0.196506  1.000000  0.011491  0.034970  0.232058  0.566881\n",
      "L   0.236542  0.011491  1.000000  0.634757  0.196506  0.037196\n",
      "LW  0.436578  0.034970  0.634757  1.000000  0.368536  0.120963\n",
      "P   0.818546  0.232058  0.196506  0.368536  1.000000  0.448494\n",
      "PW  0.377024  0.566881  0.037196  0.120963  0.448494  1.000000\n",
      "Dunn's test results for CW_6:\n",
      "            C        CW         L        LW         P        PW\n",
      "C   1.000000  0.253003  0.097369  0.253003  0.491297  0.491297\n",
      "CW  0.253003  1.000000  0.008686  0.029527  0.097369  0.491297\n",
      "L   0.097369  0.008686  1.000000  0.491297  0.253003  0.029527\n",
      "LW  0.253003  0.029527  0.491297  1.000000  0.491297  0.097369\n",
      "P   0.491297  0.097369  0.253003  0.491297  1.000000  0.253003\n",
      "PW  0.491297  0.491297  0.029527  0.097369  0.253003  1.000000\n",
      "Dunn's test results for CW_7:\n",
      "            C        CW         L        LW         P        PW\n",
      "C   1.000000  0.203051  0.418915  0.196506  0.939044  0.512814\n",
      "CW  0.203051  1.000000  0.044290  0.008686  0.198203  0.500301\n",
      "L   0.418915  0.044290  1.000000  0.526390  0.426519  0.196506\n",
      "LW  0.196506  0.008686  0.526390  1.000000  0.196506  0.046606\n",
      "P   0.939044  0.198203  0.426519  0.196506  1.000000  0.500301\n",
      "PW  0.512814  0.500301  0.196506  0.046606  0.500301  1.000000\n",
      "Dunn's test results for CW_8:\n",
      "            C        CW         L        LW         P        PW\n",
      "C   1.000000  0.139755  0.281114  0.526390  0.526390  0.270334\n",
      "CW  0.139755  1.000000  0.015120  0.046606  0.331683  0.702195\n",
      "L   0.281114  0.015120  1.000000  0.526390  0.116842  0.027462\n",
      "LW  0.526390  0.046606  0.526390  1.000000  0.281114  0.099661\n",
      "P   0.526390  0.331683  0.116842  0.281114  1.000000  0.526390\n",
      "PW  0.270334  0.702195  0.027462  0.099661  0.526390  1.000000\n",
      "Dunn's test results for CW_9:\n",
      "            C        CW         L        LW         P        PW\n",
      "C   1.000000  0.313357  0.140346  0.566881  0.448494  0.634757\n",
      "CW  0.313357  1.000000  0.008686  0.120963  0.088789  0.448494\n",
      "L   0.140346  0.008686  1.000000  0.362987  0.426519  0.087127\n",
      "LW  0.566881  0.120963  0.362987  1.000000  0.818546  0.368536\n",
      "P   0.448494  0.088789  0.426519  0.818546  1.000000  0.313357\n",
      "PW  0.634757  0.448494  0.087127  0.368536  0.313357  1.000000\n",
      "Dunn's test results for CW_10:\n",
      "            C        CW         L        LW         P        PW\n",
      "C   1.000000  0.139755  0.236542  0.500301  0.702195  0.331683\n",
      "CW  0.139755  1.000000  0.008686  0.029527  0.236542  0.526390\n",
      "L   0.236542  0.008686  1.000000  0.526390  0.139755  0.029527\n",
      "LW  0.500301  0.029527  0.526390  1.000000  0.331683  0.139755\n",
      "P   0.702195  0.236542  0.139755  0.331683  1.000000  0.500301\n",
      "PW  0.331683  0.526390  0.029527  0.139755  0.500301  1.000000\n",
      "Dunn's test results for CW_11:\n",
      "            C        CW         L        LW         P        PW\n",
      "C   1.000000  0.198203  0.198203  0.939044  0.500301  0.377024\n",
      "CW  0.198203  1.000000  0.011491  0.198203  0.058084  0.634757\n",
      "L   0.198203  0.011491  1.000000  0.203051  0.500301  0.034970\n",
      "LW  0.939044  0.198203  0.203051  1.000000  0.512814  0.368536\n",
      "P   0.500301  0.058084  0.500301  0.512814  1.000000  0.175432\n",
      "PW  0.377024  0.634757  0.034970  0.368536  0.175432  1.000000\n",
      "Dunn's test results for CW_12:\n",
      "            C        CW         L        LW         P        PW\n",
      "C   1.000000  0.316254  0.116842  0.400197  0.400197  0.526390\n",
      "CW  0.316254  1.000000  0.008686  0.066592  0.066592  0.526390\n",
      "L   0.116842  0.008686  1.000000  0.400197  0.400197  0.044290\n",
      "LW  0.400197  0.066592  0.400197  1.000000  0.939044  0.196506\n",
      "P   0.400197  0.066592  0.400197  0.939044  1.000000  0.198203\n",
      "PW  0.526390  0.526390  0.044290  0.196506  0.198203  1.000000\n",
      "Dunn's test results for CW_13:\n",
      "            C        CW         L        LW         P        PW\n",
      "C   1.000000  0.234675  0.269024  0.269024  0.516473  0.516473\n",
      "CW  0.234675  1.000000  0.020202  0.020202  0.065584  0.589276\n",
      "L   0.269024  0.020202  1.000000  1.000000  0.646048  0.067728\n",
      "LW  0.269024  0.020202  1.000000  1.000000  0.646048  0.067728\n",
      "P   0.516473  0.065584  0.646048  0.646048  1.000000  0.195844\n",
      "PW  0.516473  0.589276  0.067728  0.067728  0.195844  1.000000\n",
      "Dunn's test results for CW_14:\n",
      "            C        CW         L        LW         P        PW\n",
      "C   1.000000  0.196506  0.232058  0.759690  0.489266  0.377024\n",
      "CW  0.196506  1.000000  0.011491  0.274187  0.037196  0.579307\n",
      "L   0.232058  0.011491  1.000000  0.167706  0.566881  0.037196\n",
      "LW  0.759690  0.274187  0.167706  1.000000  0.368536  0.500301\n",
      "P   0.489266  0.037196  0.566881  0.368536  1.000000  0.146053\n",
      "PW  0.377024  0.579307  0.037196  0.500301  0.146053  1.000000\n",
      "Dunn's test results for L_1:\n",
      "            C        CW         L        LW         P        PW\n",
      "C   1.000000  1.000000  0.029602  0.029602  1.000000  1.000000\n",
      "CW  1.000000  1.000000  0.029602  0.029602  1.000000  1.000000\n",
      "L   0.029602  0.029602  1.000000  1.000000  0.029602  0.029602\n",
      "LW  0.029602  0.029602  1.000000  1.000000  0.029602  0.029602\n",
      "P   1.000000  1.000000  0.029602  0.029602  1.000000  1.000000\n",
      "PW  1.000000  1.000000  0.029602  0.029602  1.000000  1.000000\n",
      "Dunn's test results for L_2:\n",
      "            C        CW         L        LW         P        PW\n",
      "C   1.000000  1.000000  0.048076  0.027032  1.000000  1.000000\n",
      "CW  1.000000  1.000000  0.048076  0.027032  1.000000  1.000000\n",
      "L   0.048076  0.048076  1.000000  1.000000  0.048076  0.048076\n",
      "LW  0.027032  0.027032  1.000000  1.000000  0.027032  0.027032\n",
      "P   1.000000  1.000000  0.048076  0.027032  1.000000  1.000000\n",
      "PW  1.000000  1.000000  0.048076  0.027032  1.000000  1.000000\n",
      "Dunn's test results for L_3:\n",
      "            C        CW         L        LW         P        PW\n",
      "C   1.000000  1.000000  0.037866  0.035372  1.000000  1.000000\n",
      "CW  1.000000  1.000000  0.037866  0.035372  1.000000  1.000000\n",
      "L   0.037866  0.037866  1.000000  1.000000  0.037866  0.037866\n",
      "LW  0.035372  0.035372  1.000000  1.000000  0.035372  0.035372\n",
      "P   1.000000  1.000000  0.037866  0.035372  1.000000  1.000000\n",
      "PW  1.000000  1.000000  0.037866  0.035372  1.000000  1.000000\n",
      "Dunn's test results for L_4:\n",
      "            C        CW         L        LW         P        PW\n",
      "C   1.000000  1.000000  0.020502  0.060585  1.000000  1.000000\n",
      "CW  1.000000  1.000000  0.020502  0.060585  1.000000  1.000000\n",
      "L   0.020502  0.020502  1.000000  0.872885  0.020502  0.020502\n",
      "LW  0.060585  0.060585  0.872885  1.000000  0.060585  0.060585\n",
      "P   1.000000  1.000000  0.020502  0.060585  1.000000  1.000000\n",
      "PW  1.000000  1.000000  0.020502  0.060585  1.000000  1.000000\n",
      "Dunn's test results for L_6:\n",
      "            C        CW         L        LW         P        PW\n",
      "C   1.000000  1.000000  0.004447  1.000000  1.000000  1.000000\n",
      "CW  1.000000  1.000000  0.004447  1.000000  1.000000  1.000000\n",
      "L   0.004447  0.004447  1.000000  0.004447  0.004447  0.004447\n",
      "LW  1.000000  1.000000  0.004447  1.000000  1.000000  1.000000\n",
      "P   1.000000  1.000000  0.004447  1.000000  1.000000  1.000000\n",
      "PW  1.000000  1.000000  0.004447  1.000000  1.000000  1.000000\n",
      "Dunn's test results for L_7:\n",
      "            C        CW         L        LW         P        PW\n",
      "C   1.000000  0.290390  0.096770  0.290390  0.512814  0.592440\n",
      "CW  0.290390  1.000000  0.008686  0.037196  0.096770  0.512814\n",
      "L   0.096770  0.008686  1.000000  0.512814  0.290390  0.037196\n",
      "LW  0.290390  0.037196  0.512814  1.000000  0.592440  0.139755\n",
      "P   0.512814  0.096770  0.290390  0.592440  1.000000  0.290390\n",
      "PW  0.592440  0.512814  0.037196  0.139755  0.290390  1.000000\n",
      "Dunn's test results for L_8:\n",
      "            C        CW         L        LW         P        PW\n",
      "C   1.000000  0.125688  0.355967  0.355967  0.871247  0.125688\n",
      "CW  0.125688  1.000000  0.015920  0.551884  0.100230  1.000000\n",
      "L   0.355967  0.015920  1.000000  0.090524  0.469720  0.015920\n",
      "LW  0.355967  0.551884  0.090524  1.000000  0.292814  0.551884\n",
      "P   0.871247  0.100230  0.469720  0.292814  1.000000  0.100230\n",
      "PW  0.125688  1.000000  0.015920  0.551884  0.100230  1.000000\n",
      "Dunn's test results for L_9:\n",
      "            C        CW         L        LW         P        PW\n",
      "C   1.000000  0.166144  0.281114  0.526390  0.526390  0.232058\n",
      "CW  0.166144  1.000000  0.019785  0.377024  0.058084  0.818546\n",
      "L   0.281114  0.019785  1.000000  0.116842  0.526390  0.021450\n",
      "LW  0.526390  0.377024  0.116842  1.000000  0.281114  0.489266\n",
      "P   0.526390  0.058084  0.526390  0.281114  1.000000  0.081680\n",
      "PW  0.232058  0.818546  0.021450  0.489266  0.081680  1.000000\n",
      "Dunn's test results for L_10:\n",
      "            C        CW         L        LW         P        PW\n",
      "C   1.000000  0.058084  0.281114  0.044290  0.614121  0.042899\n",
      "CW  0.058084  1.000000  0.377024  0.818546  0.166144  0.745794\n",
      "L   0.281114  0.377024  1.000000  0.281114  0.614121  0.232058\n",
      "LW  0.044290  0.818546  0.281114  1.000000  0.116842  0.818546\n",
      "P   0.614121  0.166144  0.614121  0.116842  1.000000  0.081680\n",
      "PW  0.042899  0.745794  0.232058  0.818546  0.081680  1.000000\n",
      "Dunn's test results for L_11:\n",
      "            C        CW         L        LW         P        PW\n",
      "C   1.000000  0.718328  0.082370  0.718328  0.718328  0.718328\n",
      "CW  0.718328  1.000000  0.010378  1.000000  1.000000  1.000000\n",
      "L   0.082370  0.010378  1.000000  0.010378  0.010378  0.010378\n",
      "LW  0.718328  1.000000  0.010378  1.000000  1.000000  1.000000\n",
      "P   0.718328  1.000000  0.010378  1.000000  1.000000  1.000000\n",
      "PW  0.718328  1.000000  0.010378  1.000000  1.000000  1.000000\n",
      "Dunn's test results for L_12:\n",
      "            C        CW         L        LW         P        PW\n",
      "C   1.000000  0.198203  0.316254  0.683585  0.377024  0.436578\n",
      "CW  0.198203  1.000000  0.033325  0.377024  0.034970  0.614121\n",
      "L   0.316254  0.033325  1.000000  0.167706  0.818546  0.088789\n",
      "LW  0.683585  0.377024  0.167706  1.000000  0.198203  0.692523\n",
      "P   0.377024  0.034970  0.818546  0.198203  1.000000  0.120963\n",
      "PW  0.436578  0.614121  0.088789  0.692523  0.120963  1.000000\n",
      "Dunn's test results for L_13:\n",
      "            C        CW         L        LW         P        PW\n",
      "C   1.000000  0.614121  0.194737  0.538193  0.545783  0.623869\n",
      "CW  0.614121  1.000000  0.361433  0.324881  0.878443  0.362987\n",
      "L   0.194737  0.361433  1.000000  0.042899  0.368536  0.055794\n",
      "LW  0.538193  0.324881  0.042899  1.000000  0.294759  0.813954\n",
      "P   0.545783  0.878443  0.368536  0.294759  1.000000  0.361433\n",
      "PW  0.623869  0.362987  0.055794  0.813954  0.361433  1.000000\n",
      "Dunn's test results for L_14:\n",
      "            C        CW         L        LW         P        PW\n",
      "C   1.000000  1.000000  0.013842  0.244308  1.000000  1.000000\n",
      "CW  1.000000  1.000000  0.013842  0.244308  1.000000  1.000000\n",
      "L   0.013842  0.013842  1.000000  0.244308  0.013842  0.013842\n",
      "LW  0.244308  0.244308  0.244308  1.000000  0.244308  0.244308\n",
      "P   1.000000  1.000000  0.013842  0.244308  1.000000  1.000000\n",
      "PW  1.000000  1.000000  0.013842  0.244308  1.000000  1.000000\n",
      "Dunn's test results for LW_1:\n",
      "            C        CW         L        LW         P        PW\n",
      "C   1.000000  1.000000  1.000000  0.004447  1.000000  1.000000\n",
      "CW  1.000000  1.000000  1.000000  0.004447  1.000000  1.000000\n",
      "L   1.000000  1.000000  1.000000  0.004447  1.000000  1.000000\n",
      "LW  0.004447  0.004447  0.004447  1.000000  0.004447  0.004447\n",
      "P   1.000000  1.000000  1.000000  0.004447  1.000000  1.000000\n",
      "PW  1.000000  1.000000  1.000000  0.004447  1.000000  1.000000\n",
      "Dunn's test results for LW_3:\n",
      "            C        CW         L        LW         P        PW\n",
      "C   1.000000  1.000000  1.000000  0.004447  1.000000  1.000000\n",
      "CW  1.000000  1.000000  1.000000  0.004447  1.000000  1.000000\n",
      "L   1.000000  1.000000  1.000000  0.004447  1.000000  1.000000\n",
      "LW  0.004447  0.004447  0.004447  1.000000  0.004447  0.004447\n",
      "P   1.000000  1.000000  1.000000  0.004447  1.000000  1.000000\n",
      "PW  1.000000  1.000000  1.000000  0.004447  1.000000  1.000000\n",
      "Dunn's test results for LW_4:\n",
      "            C        CW         L        LW         P        PW\n",
      "C   1.000000  1.000000  0.015431  0.075785  1.000000  1.000000\n",
      "CW  1.000000  1.000000  0.015431  0.075785  1.000000  1.000000\n",
      "L   0.015431  0.015431  1.000000  0.687238  0.015431  0.015431\n",
      "LW  0.075785  0.075785  0.687238  1.000000  0.075785  0.075785\n",
      "P   1.000000  1.000000  0.015431  0.075785  1.000000  1.000000\n",
      "PW  1.000000  1.000000  0.015431  0.075785  1.000000  1.000000\n",
      "Dunn's test results for LW_5:\n",
      "            C        CW         L        LW         P        PW\n",
      "C   1.000000  0.489266  0.199372  0.161284  0.876566  0.807944\n",
      "CW  0.489266  1.000000  0.034970  0.033325  0.331683  0.281114\n",
      "L   0.199372  0.034970  1.000000  0.877013  0.232058  0.274187\n",
      "LW  0.161284  0.033325  0.877013  1.000000  0.199372  0.231237\n",
      "P   0.876566  0.331683  0.232058  0.199372  1.000000  0.878443\n",
      "PW  0.807944  0.281114  0.274187  0.231237  0.878443  1.000000\n",
      "Dunn's test results for LW_6:\n",
      "            C        CW         L        LW         P        PW\n",
      "C   1.000000  1.000000  0.142409  0.021450  0.142409  0.413995\n",
      "CW  1.000000  1.000000  0.142409  0.021450  0.142409  0.413995\n",
      "L   0.142409  0.142409  1.000000  0.413995  1.000000  0.413995\n",
      "LW  0.021450  0.021450  0.413995  1.000000  0.413995  0.142409\n",
      "P   0.142409  0.142409  1.000000  0.413995  1.000000  0.413995\n",
      "PW  0.413995  0.413995  0.413995  0.142409  0.413995  1.000000\n",
      "Dunn's test results for LW_7:\n",
      "            C        CW         L        LW         P        PW\n",
      "C   1.000000  1.000000  1.000000  0.004447  1.000000  1.000000\n",
      "CW  1.000000  1.000000  1.000000  0.004447  1.000000  1.000000\n",
      "L   1.000000  1.000000  1.000000  0.004447  1.000000  1.000000\n",
      "LW  0.004447  0.004447  0.004447  1.000000  0.004447  0.004447\n",
      "P   1.000000  1.000000  1.000000  0.004447  1.000000  1.000000\n",
      "PW  1.000000  1.000000  1.000000  0.004447  1.000000  1.000000\n",
      "Dunn's test results for LW_9:\n",
      "            C        CW         L        LW         P        PW\n",
      "C   1.000000  0.939044  0.210260  0.210260  0.210260  0.939044\n",
      "CW  0.939044  1.000000  0.210260  0.301530  0.210260  0.939044\n",
      "L   0.210260  0.210260  1.000000  0.016663  0.939044  0.210260\n",
      "LW  0.210260  0.301530  0.016663  1.000000  0.016663  0.253003\n",
      "P   0.210260  0.210260  0.939044  0.016663  1.000000  0.210260\n",
      "PW  0.939044  0.939044  0.210260  0.253003  0.210260  1.000000\n",
      "Dunn's test results for LW_12:\n",
      "            C        CW         L        LW         P        PW\n",
      "C   1.000000  1.000000  1.000000  0.004447  1.000000  1.000000\n",
      "CW  1.000000  1.000000  1.000000  0.004447  1.000000  1.000000\n",
      "L   1.000000  1.000000  1.000000  0.004447  1.000000  1.000000\n",
      "LW  0.004447  0.004447  0.004447  1.000000  0.004447  0.004447\n",
      "P   1.000000  1.000000  1.000000  0.004447  1.000000  1.000000\n",
      "PW  1.000000  1.000000  1.000000  0.004447  1.000000  1.000000\n",
      "Dunn's test results for LW_13:\n",
      "            C        CW         L        LW         P        PW\n",
      "C   1.000000  1.000000  1.000000  0.004447  1.000000  1.000000\n",
      "CW  1.000000  1.000000  1.000000  0.004447  1.000000  1.000000\n",
      "L   1.000000  1.000000  1.000000  0.004447  1.000000  1.000000\n",
      "LW  0.004447  0.004447  0.004447  1.000000  0.004447  0.004447\n",
      "P   1.000000  1.000000  1.000000  0.004447  1.000000  1.000000\n",
      "PW  1.000000  1.000000  1.000000  0.004447  1.000000  1.000000\n",
      "Dunn's test results for LW_14:\n",
      "            C        CW         L        LW         P        PW\n",
      "C   1.000000  0.555549  0.313357  0.199372  0.692523  0.566881\n",
      "CW  0.555549  1.000000  0.555549  0.069909  0.368536  0.313357\n",
      "L   0.313357  0.555549  1.000000  0.011491  0.175432  0.132881\n",
      "LW  0.199372  0.069909  0.011491  1.000000  0.316254  0.377024\n",
      "P   0.692523  0.368536  0.175432  0.316254  1.000000  0.818546\n",
      "PW  0.566881  0.313357  0.132881  0.377024  0.818546  1.000000\n",
      "Dunn's test results for LW_15:\n",
      "            C        CW         L        LW         P        PW\n",
      "C   1.000000  0.436578  0.316254  0.116842  0.634757  0.448494\n",
      "CW  0.436578  1.000000  0.081680  0.426519  0.313357  0.939044\n",
      "L   0.316254  0.081680  1.000000  0.008686  0.461816  0.081680\n",
      "LW  0.116842  0.426519  0.008686  1.000000  0.069909  0.418915\n",
      "P   0.634757  0.313357  0.461816  0.069909  1.000000  0.313357\n",
      "PW  0.448494  0.939044  0.081680  0.418915  0.313357  1.000000\n",
      "Dunn's test results for LW_16:\n",
      "            C        CW         L        LW         P        PW\n",
      "C   1.000000  1.000000  1.000000  0.004447  1.000000  1.000000\n",
      "CW  1.000000  1.000000  1.000000  0.004447  1.000000  1.000000\n",
      "L   1.000000  1.000000  1.000000  0.004447  1.000000  1.000000\n",
      "LW  0.004447  0.004447  0.004447  1.000000  0.004447  0.004447\n",
      "P   1.000000  1.000000  1.000000  0.004447  1.000000  1.000000\n",
      "PW  1.000000  1.000000  1.000000  0.004447  1.000000  1.000000\n",
      "Dunn's test results for P_1:\n",
      "            C        CW         L        LW         P        PW\n",
      "C   1.000000  0.050787  0.319001  0.050787  0.871172  0.050787\n",
      "CW  0.050787  1.000000  0.309085  0.937914  0.072965  0.937914\n",
      "L   0.319001  0.309085  1.000000  0.297620  0.533934  0.301689\n",
      "LW  0.050787  0.937914  0.297620  1.000000  0.071677  0.937914\n",
      "P   0.871172  0.072965  0.533934  0.071677  1.000000  0.071677\n",
      "PW  0.050787  0.937914  0.301689  0.937914  0.071677  1.000000\n",
      "Dunn's test results for P_2:\n",
      "            C        CW         L        LW         P        PW\n",
      "C   1.000000  0.120963  0.807944  0.737300  0.139755  0.139755\n",
      "CW  0.120963  1.000000  0.088789  0.270334  0.939044  0.939044\n",
      "L   0.807944  0.088789  1.000000  0.426519  0.088789  0.088789\n",
      "LW  0.737300  0.270334  0.426519  1.000000  0.322655  0.316254\n",
      "P   0.139755  0.939044  0.088789  0.322655  1.000000  0.939044\n",
      "PW  0.139755  0.939044  0.088789  0.316254  0.939044  1.000000\n",
      "Dunn's test results for P_3:\n",
      "            C        CW         L        LW         P        PW\n",
      "C   1.000000  0.759690  0.368536  0.209633  0.274187  0.752351\n",
      "CW  0.759690  1.000000  0.489266  0.232058  0.232058  0.566881\n",
      "L   0.368536  0.489266  1.000000  0.566881  0.055794  0.232058\n",
      "LW  0.209633  0.232058  0.566881  1.000000  0.011491  0.108907\n",
      "P   0.274187  0.232058  0.055794  0.011491  1.000000  0.426519\n",
      "PW  0.752351  0.566881  0.232058  0.108907  0.426519  1.000000\n",
      "Dunn's test results for P_4:\n",
      "            C        CW         L        LW         P        PW\n",
      "C   1.000000  0.166144  0.066592  0.683585  0.489266  0.140346\n",
      "CW  0.166144  1.000000  0.675858  0.066592  0.489266  0.878443\n",
      "L   0.066592  0.675858  1.000000  0.042899  0.270334  0.692523\n",
      "LW  0.683585  0.066592  0.042899  1.000000  0.274187  0.066592\n",
      "P   0.489266  0.489266  0.270334  0.274187  1.000000  0.473910\n",
      "PW  0.140346  0.878443  0.692523  0.066592  0.473910  1.000000\n",
      "Dunn's test results for P_5:\n",
      "            C        CW         L        LW         P        PW\n",
      "C   1.000000  0.146053  0.614121  0.167706  0.008686  0.132881\n",
      "CW  0.146053  1.000000  0.281114  0.878443  0.281114  0.878443\n",
      "L   0.614121  0.281114  1.000000  0.301530  0.044290  0.270334\n",
      "LW  0.167706  0.878443  0.301530  1.000000  0.270334  0.876566\n",
      "P   0.008686  0.281114  0.044290  0.270334  1.000000  0.301530\n",
      "PW  0.132881  0.878443  0.270334  0.876566  0.301530  1.000000\n",
      "Dunn's test results for P_7:\n",
      "            C        CW         L        LW         P        PW\n",
      "C   1.000000  0.579307  0.196506  0.058084  0.512814  0.512814\n",
      "CW  0.579307  1.000000  0.418915  0.196506  0.274187  0.878443\n",
      "L   0.196506  0.418915  1.000000  0.512814  0.058084  0.480236\n",
      "LW  0.058084  0.196506  0.512814  1.000000  0.011491  0.196506\n",
      "P   0.512814  0.274187  0.058084  0.011491  1.000000  0.232058\n",
      "PW  0.512814  0.878443  0.480236  0.196506  0.232058  1.000000\n",
      "Dunn's test results for P_8:\n",
      "            C        CW         L        LW         P        PW\n",
      "C   1.000000  0.274187  0.426519  0.196506  0.566881  0.702195\n",
      "CW  0.274187  1.000000  0.058084  0.019785  0.566881  0.426519\n",
      "L   0.426519  0.058084  1.000000  0.566881  0.196506  0.274187\n",
      "LW  0.196506  0.019785  0.566881  1.000000  0.058084  0.120963\n",
      "P   0.566881  0.566881  0.196506  0.058084  1.000000  0.702195\n",
      "PW  0.702195  0.426519  0.274187  0.120963  0.702195  1.000000\n",
      "Dunn's test results for P_9:\n",
      "            C        CW         L        LW         P        PW\n",
      "C   1.000000  0.737300  0.813954  0.140346  0.140346  0.231237\n",
      "CW  0.737300  1.000000  0.538193  0.274187  0.270334  0.473910\n",
      "L   0.813954  0.538193  1.000000  0.133184  0.133184  0.140346\n",
      "LW  0.140346  0.274187  0.133184  1.000000  0.939044  0.810225\n",
      "P   0.140346  0.270334  0.133184  0.939044  1.000000  0.807944\n",
      "PW  0.231237  0.473910  0.140346  0.810225  0.807944  1.000000\n",
      "Dunn's test results for P_10:\n",
      "            C        CW         L        LW         P        PW\n",
      "C   1.000000  0.034970  0.281114  0.034970  0.614121  0.058084\n",
      "CW  0.034970  1.000000  0.270334  0.939044  0.096770  0.810225\n",
      "L   0.281114  0.270334  1.000000  0.274187  0.614121  0.377024\n",
      "LW  0.034970  0.939044  0.274187  1.000000  0.096770  0.813954\n",
      "P   0.614121  0.096770  0.614121  0.096770  1.000000  0.166144\n",
      "PW  0.058084  0.810225  0.377024  0.813954  0.166144  1.000000\n",
      "Dunn's test results for P_11:\n",
      "            C        CW         L        LW         P        PW\n",
      "C   1.000000  0.436578  0.362987  0.096770  0.634757  0.368536\n",
      "CW  0.436578  1.000000  0.081680  0.377024  0.270334  0.818546\n",
